% Intrinsic and Extrinsic Camera Parameters
%
% This script file can be directly executed under Matlab to recover the camera intrinsic and extrinsic parameters.
% IMPORTANT: This file contains neither the structure of the calibration objects nor the image coordinates of the calibration points.
%            All those complementary variables are saved in the complete matlab data file Calib_Results.mat.
% For more information regarding the calibration model visit http://www.vision.caltech.edu/bouguetj/calib_doc/


%-- Focal length:
fc = [ 1641.438683203340588 ; 1639.113929681726859 ];

%-- Principal point:
cc = [ 778.806983478525922 ; 1015.570098146258943 ];

%-- Skew coefficient:
alpha_c = 0.000000000000000;

%-- Distortion coefficients:
kc = [ 0.092053610895010 ; -0.324729574268345 ; -0.006556362335725 ; 0.001159492684520 ; 0.000000000000000 ];

%-- Focal length uncertainty:
fc_error = [ 14.169442989969152 ; 14.600509169696908 ];

%-- Principal point uncertainty:
cc_error = [ 8.907201776719130 ; 8.979911207979638 ];

%-- Skew coefficient uncertainty:
alpha_c_error = 0.000000000000000;

%-- Distortion coefficients uncertainty:
kc_error = [ 0.012097971697969 ; 0.036689685350418 ; 0.002196864516240 ; 0.002134266110435 ; 0.000000000000000 ];

%-- Image size:
nx = 1536;
ny = 2048;


%-- Various other variables (may be ignored if you do not use the Matlab Calibration Toolbox):
%-- Those variables are used to control which intrinsic parameters should be optimized

n_ima = 27;						% Number of calibration images
est_fc = [ 1 ; 1 ];					% Estimation indicator of the two focal variables
est_aspect_ratio = 1;				% Estimation indicator of the aspect ratio fc(2)/fc(1)
center_optim = 1;					% Estimation indicator of the principal point
est_alpha = 0;						% Estimation indicator of the skew coefficient
est_dist = [ 1 ; 1 ; 1 ; 1 ; 0 ];	% Estimation indicator of the distortion coefficients


%-- Extrinsic parameters:
%-- The rotation (omc_kk) and the translation (Tc_kk) vectors for every calibration image and their uncertainties

%-- Image #1:
omc_1 = [ -1.761699e-02 ; -3.096663e+00 ; 3.568714e-01 ];
Tc_1  = [ 7.860680e+01 ; -1.040122e+02 ; 3.907072e+02 ];
omc_error_1 = [ 2.743322e-03 ; 8.278804e-03 ; 1.348820e-02 ];
Tc_error_1  = [ 2.144173e+00 ; 2.142834e+00 ; 3.547619e+00 ];

%-- Image #2:
omc_2 = [ 9.459083e-01 ; -2.770290e+00 ; 4.939671e-01 ];
Tc_2  = [ 1.028308e+02 ; -7.275681e+01 ; 3.827539e+02 ];
omc_error_2 = [ 2.556147e-03 ; 7.309285e-03 ; 1.130045e-02 ];
Tc_error_2  = [ 2.098086e+00 ; 2.114945e+00 ; 3.519855e+00 ];

%-- Image #3:
omc_3 = [ 1.562894e+00 ; -2.460741e+00 ; 1.967932e-01 ];
Tc_3  = [ 8.468787e+01 ; -1.295138e+01 ; 3.555448e+02 ];
omc_error_3 = [ 4.046523e-03 ; 7.047444e-03 ; 1.232549e-02 ];
Tc_error_3  = [ 1.941538e+00 ; 1.956833e+00 ; 3.332726e+00 ];

%-- Image #4:
omc_4 = [ 4.399873e-01 ; 2.882862e+00 ; -3.997664e-01 ];
Tc_4  = [ 6.829909e+01 ; -1.386573e+02 ; 3.956528e+02 ];
omc_error_4 = [ 2.385133e-03 ; 7.611596e-03 ; 1.084774e-02 ];
Tc_error_4  = [ 2.197928e+00 ; 2.193755e+00 ; 3.448410e+00 ];

%-- Image #5:
omc_5 = [ -1.254978e+00 ; -2.798843e+00 ; 3.071985e-01 ];
Tc_5  = [ -9.465151e+00 ; -1.658502e+02 ; 3.532572e+02 ];
omc_error_5 = [ 5.184596e-03 ; 6.280779e-03 ; 1.202587e-02 ];
Tc_error_5  = [ 1.997858e+00 ; 1.950851e+00 ; 3.256409e+00 ];

%-- Image #6:
omc_6 = [ 8.544991e-01 ; 2.819388e+00 ; -8.232494e-01 ];
Tc_6  = [ 2.382730e+01 ; -6.837831e+01 ; 3.788802e+02 ];
omc_error_6 = [ 2.292376e-03 ; 7.138604e-03 ; 9.948841e-03 ];
Tc_error_6  = [ 2.042548e+00 ; 2.077321e+00 ; 3.013507e+00 ];

%-- Image #7:
omc_7 = [ 3.120511e-01 ; 2.716590e+00 ; -9.406458e-02 ];
Tc_7  = [ 4.717935e+01 ; -1.178100e+02 ; 3.941098e+02 ];
omc_error_7 = [ 2.440576e-03 ; 7.488443e-03 ; 1.095399e-02 ];
Tc_error_7  = [ 2.171011e+00 ; 2.168716e+00 ; 3.316635e+00 ];

%-- Image #8:
omc_8 = [ -6.730382e-01 ; 2.833509e+00 ; 2.207493e-01 ];
Tc_8  = [ 9.093628e+01 ; -5.583509e+01 ; 3.557477e+02 ];
omc_error_8 = [ 3.142058e-03 ; 8.475944e-03 ; 1.479851e-02 ];
Tc_error_8  = [ 1.937840e+00 ; 1.954389e+00 ; 3.083565e+00 ];

%-- Image #9:
omc_9 = [ -1.310845e+00 ; 2.664887e+00 ; 2.617717e-01 ];
Tc_9  = [ 8.863902e+01 ; 3.942732e+01 ; 3.360204e+02 ];
omc_error_9 = [ 3.347857e-03 ; 7.271580e-03 ; 1.336201e-02 ];
Tc_error_9  = [ 1.832831e+00 ; 1.836047e+00 ; 2.876032e+00 ];

%-- Image #10:
omc_10 = [ 1.986110e-01 ; -3.042959e+00 ; -2.173883e-01 ];
Tc_10  = [ 7.747135e+01 ; -8.272193e+01 ; 3.071917e+02 ];
omc_error_10 = [ 1.848436e-03 ; 8.814818e-03 ; 1.498573e-02 ];
Tc_error_10  = [ 1.712288e+00 ; 1.723625e+00 ; 2.886821e+00 ];

%-- Image #11:
omc_11 = [ -8.274123e-01 ; -2.738200e+00 ; -2.287795e-01 ];
Tc_11  = [ 2.100872e+01 ; -1.240775e+02 ; 2.968569e+02 ];
omc_error_11 = [ 3.280453e-03 ; 7.404850e-03 ; 1.219956e-02 ];
Tc_error_11  = [ 1.668343e+00 ; 1.674418e+00 ; 2.858508e+00 ];

%-- Image #12:
omc_12 = [ 2.070120e+00 ; -2.308681e+00 ; 4.738178e-01 ];
Tc_12  = [ 7.971119e+01 ; 4.629295e+01 ; 2.568927e+02 ];
omc_error_12 = [ 3.418668e-03 ; 5.571198e-03 ; 1.066915e-02 ];
Tc_error_12  = [ 1.395921e+00 ; 1.427974e+00 ; 2.238802e+00 ];

%-- Image #13:
omc_13 = [ 9.165886e-01 ; -2.848928e+00 ; 6.301420e-01 ];
Tc_13  = [ 9.572941e+01 ; -4.379224e+01 ; 2.986067e+02 ];
omc_error_13 = [ 2.082969e-03 ; 6.549708e-03 ; 1.025388e-02 ];
Tc_error_13  = [ 1.632188e+00 ; 1.646553e+00 ; 2.630261e+00 ];

%-- Image #14:
omc_14 = [ 1.147604e+00 ; 2.694548e+00 ; -7.480573e-01 ];
Tc_14  = [ 8.307965e+00 ; -1.163375e+02 ; 3.667444e+02 ];
omc_error_14 = [ 2.351924e-03 ; 6.976661e-03 ; 9.480450e-03 ];
Tc_error_14  = [ 2.009745e+00 ; 2.020843e+00 ; 3.007457e+00 ];

%-- Image #15:
omc_15 = [ 1.218472e+00 ; 2.767506e+00 ; -5.978393e-01 ];
Tc_15  = [ -2.260865e+00 ; -1.722574e+02 ; 3.489513e+02 ];
omc_error_15 = [ 2.161725e-03 ; 7.378109e-03 ; 1.044342e-02 ];
Tc_error_15  = [ 1.995460e+00 ; 1.962225e+00 ; 3.074002e+00 ];

%-- Image #16:
omc_16 = [ 1.767082e+00 ; 2.396140e+00 ; -5.554350e-01 ];
Tc_16  = [ -3.452654e+01 ; -1.315841e+02 ; 3.213655e+02 ];
omc_error_16 = [ 3.187436e-03 ; 6.433947e-03 ; 9.646823e-03 ];
Tc_error_16  = [ 1.792909e+00 ; 1.775957e+00 ; 2.748007e+00 ];

%-- Image #17:
omc_17 = [ 1.624117e+00 ; 2.379564e+00 ; -1.321720e-01 ];
Tc_17  = [ -3.833862e+01 ; -1.463407e+02 ; 3.122924e+02 ];
omc_error_17 = [ 3.779773e-03 ; 6.535456e-03 ; 1.037599e-02 ];
Tc_error_17  = [ 1.760079e+00 ; 1.725792e+00 ; 2.856899e+00 ];

%-- Image #18:
omc_18 = [ -1.957394e+00 ; -2.222761e+00 ; 5.613391e-01 ];
Tc_18  = [ -6.182350e+01 ; -1.068044e+02 ; 2.967662e+02 ];
omc_error_18 = [ 5.520160e-03 ; 3.951548e-03 ; 9.338984e-03 ];
Tc_error_18  = [ 1.636545e+00 ; 1.638180e+00 ; 2.536465e+00 ];

%-- Image #19:
omc_19 = [ 4.727714e-01 ; -3.013924e+00 ; -3.134317e-01 ];
Tc_19  = [ 7.520644e+01 ; -5.418455e+01 ; 2.836973e+02 ];
omc_error_19 = [ 2.204730e-03 ; 7.782434e-03 ; 1.265029e-02 ];
Tc_error_19  = [ 1.573539e+00 ; 1.581038e+00 ; 2.640587e+00 ];

%-- Image #20:
omc_20 = [ -7.875893e-01 ; -2.944245e+00 ; -1.983000e-01 ];
Tc_20  = [ 3.330678e+01 ; -1.311027e+02 ; 2.987837e+02 ];
omc_error_20 = [ 3.425994e-03 ; 8.389495e-03 ; 1.520139e-02 ];
Tc_error_20  = [ 1.682623e+00 ; 1.688363e+00 ; 2.792522e+00 ];

%-- Image #21:
omc_21 = [ -2.806100e+00 ; 1.376728e+00 ; -1.255586e-01 ];
Tc_21  = [ 4.367422e+01 ; 1.046674e+02 ; 4.235372e+02 ];
omc_error_21 = [ 1.195992e-02 ; 5.524571e-03 ; 1.944050e-02 ];
Tc_error_21  = [ 2.321206e+00 ; 2.337526e+00 ; 3.988950e+00 ];

%-- Image #22:
omc_22 = [ 1.332063e+00 ; -2.819348e+00 ; 7.864247e-02 ];
Tc_22  = [ 1.001540e+02 ; -6.771934e+00 ; 3.704276e+02 ];
omc_error_22 = [ 4.172164e-03 ; 9.718312e-03 ; 1.798815e-02 ];
Tc_error_22  = [ 2.023248e+00 ; 2.042905e+00 ; 3.467211e+00 ];

%-- Image #23:
omc_23 = [ 2.324792e+00 ; -1.697732e+00 ; 9.231258e-01 ];
