% Intrinsic and Extrinsic Camera Parameters
%
% This script file can be directly executed under Matlab to recover the camera intrinsic and extrinsic parameters.
% IMPORTANT: This file contains neither the structure of the calibration objects nor the image coordinates of the calibration points.
%            All those complementary variables are saved in the complete matlab data file Calib_Results.mat.
% For more information regarding the calibration model visit http://www.vision.caltech.edu/bouguetj/calib_doc/


%-- Focal length:
fc = [ 1647.724841055343632 ; 1646.097492876176148 ];

%-- Principal point:
cc = [ 776.315663473814539 ; 1019.365103613437668 ];

%-- Skew coefficient:
alpha_c = 0.000000000000000;

%-- Distortion coefficients:
kc = [ 0.111976004525610 ; -0.369445567591873 ; -0.004465587178803 ; 0.002133941531507 ; 0.000000000000000 ];

%-- Focal length uncertainty:
fc_error = [ 11.245568588945714 ; 11.582331452962194 ];

%-- Principal point uncertainty:
cc_error = [ 6.913433907726624 ; 7.065560990367981 ];

%-- Skew coefficient uncertainty:
alpha_c_error = 0.000000000000000;

%-- Distortion coefficients uncertainty:
kc_error = [ 0.009791190603861 ; 0.030485400194821 ; 0.001785888465158 ; 0.001701284150597 ; 0.000000000000000 ];

%-- Image size:
nx = 1536;
ny = 2048;


%-- Various other variables (may be ignored if you do not use the Matlab Calibration Toolbox):
%-- Those variables are used to control which intrinsic parameters should be optimized

n_ima = 27;						% Number of calibration images
est_fc = [ 1 ; 1 ];					% Estimation indicator of the two focal variables
est_aspect_ratio = 1;				% Estimation indicator of the aspect ratio fc(2)/fc(1)
center_optim = 1;					% Estimation indicator of the principal point
est_alpha = 0;						% Estimation indicator of the skew coefficient
est_dist = [ 1 ; 1 ; 1 ; 1 ; 0 ];	% Estimation indicator of the distortion coefficients


%-- Extrinsic parameters:
%-- The rotation (omc_kk) and the translation (Tc_kk) vectors for every calibration image and their uncertainties

%-- Image #1:
omc_1 = [ -1.749010e-02 ; -3.098097e+00 ; 3.551326e-01 ];
Tc_1  = [ 7.915286e+01 ; -1.048979e+02 ; 3.923583e+02 ];
omc_error_1 = [ 2.166296e-03 ; 6.527797e-03 ; 1.065404e-02 ];
Tc_error_1  = [ 1.665252e+00 ; 1.685318e+00 ; 2.818085e+00 ];

%-- Image #2:
omc_2 = [ 9.467107e-01 ; -2.771594e+00 ; 4.924948e-01 ];
Tc_2  = [ 1.033918e+02 ; -7.363339e+01 ; 3.845348e+02 ];
omc_error_2 = [ 2.017676e-03 ; 5.717849e-03 ; 8.945127e-03 ];
Tc_error_2  = [ 1.630099e+00 ; 1.664078e+00 ; 2.799727e+00 ];

%-- Image #3:
omc_3 = [ 1.563925e+00 ; -2.461736e+00 ; 1.955283e-01 ];
Tc_3  = [ 8.523126e+01 ; -1.378219e+01 ; 3.572769e+02 ];
omc_error_3 = [ 3.185035e-03 ; 5.540427e-03 ; 9.780658e-03 ];
Tc_error_3  = [ 1.507965e+00 ; 1.540041e+00 ; 2.652177e+00 ];

%-- Image #4:
omc_4 = [ 4.399114e-01 ; 2.882259e+00 ; -3.978405e-01 ];
Tc_4  = [ 6.878556e+01 ; -1.395160e+02 ; 3.971065e+02 ];
omc_error_4 = [ 1.869508e-03 ; 6.009049e-03 ; 8.506179e-03 ];
Tc_error_4  = [ 1.707844e+00 ; 1.724247e+00 ; 2.737381e+00 ];

%-- Image #5:
omc_5 = [ -1.254900e+00 ; -2.799274e+00 ; 3.040755e-01 ];
Tc_5  = [ -8.995024e+00 ; -1.666913e+02 ; 3.545919e+02 ];
omc_error_5 = [ 4.097102e-03 ; 4.970156e-03 ; 9.517235e-03 ];
Tc_error_5  = [ 1.552807e+00 ; 1.534928e+00 ; 2.581481e+00 ];

%-- Image #6:
omc_6 = [ 8.540969e-01 ; 2.821049e+00 ; -8.217926e-01 ];
Tc_6  = [ 2.436308e+01 ; -6.923571e+01 ; 3.803583e+02 ];
omc_error_6 = [ 1.799027e-03 ; 5.637890e-03 ; 7.817419e-03 ];
Tc_error_6  = [ 1.585599e+00 ; 1.633822e+00 ; 2.392853e+00 ];

%-- Image #7:
omc_7 = [ 3.124815e-01 ; 2.716782e+00 ; -9.403168e-02 ];
Tc_7  = [ 4.767809e+01 ; -1.186616e+02 ; 3.954037e+02 ];
omc_error_7 = [ 1.921787e-03 ; 5.889095e-03 ; 8.589312e-03 ];
Tc_error_7  = [ 1.686688e+00 ; 1.703945e+00 ; 2.632078e+00 ];

%-- Image #8:
omc_8 = [ -6.723009e-01 ; 2.832547e+00 ; 2.221648e-01 ];
Tc_8  = [ 9.140449e+01 ; -5.668493e+01 ; 3.571806e+02 ];
omc_error_8 = [ 2.486141e-03 ; 6.640666e-03 ; 1.169527e-02 ];
Tc_error_8  = [ 1.504707e+00 ; 1.537206e+00 ; 2.451132e+00 ];

%-- Image #9:
omc_9 = [ -1.308979e+00 ; 2.661733e+00 ; 2.696481e-01 ];
Tc_9  = [ 8.910224e+01 ; 3.856347e+01 ; 3.376872e+02 ];
omc_error_9 = [ 2.625137e-03 ; 5.628163e-03 ; 1.050043e-02 ];
Tc_error_9  = [ 1.422818e+00 ; 1.445737e+00 ; 2.286658e+00 ];

%-- Image #10:
omc_10 = [ 1.987273e-01 ; -3.043948e+00 ; -2.224230e-01 ];
Tc_10  = [ 7.793926e+01 ; -8.345402e+01 ; 3.086072e+02 ];
omc_error_10 = [ 1.461666e-03 ; 6.958055e-03 ; 1.193496e-02 ];
Tc_error_10  = [ 1.330950e+00 ; 1.356527e+00 ; 2.295463e+00 ];

%-- Image #11:
omc_11 = [ -8.267272e-01 ; -2.736411e+00 ; -2.330356e-01 ];
Tc_11  = [ 2.143246e+01 ; -1.247577e+02 ; 2.979960e+02 ];
omc_error_11 = [ 2.598694e-03 ; 5.810388e-03 ; 9.643242e-03 ];
Tc_error_11  = [ 1.297043e+00 ; 1.316394e+00 ; 2.270155e+00 ];

%-- Image #12:
omc_12 = [ 2.071518e+00 ; -2.310441e+00 ; 4.729167e-01 ];
Tc_12  = [ 8.005468e+01 ; 4.569173e+01 ; 2.583507e+02 ];
omc_error_12 = [ 2.678420e-03 ; 4.338913e-03 ; 8.473435e-03 ];
Tc_error_12  = [ 1.085171e+00 ; 1.124312e+00 ; 1.783112e+00 ];

%-- Image #13:
omc_13 = [ 9.173649e-01 ; -2.849986e+00 ; 6.284283e-01 ];
Tc_13  = [ 9.613856e+01 ; -4.444992e+01 ; 2.999275e+02 ];
omc_error_13 = [ 1.641356e-03 ; 5.102201e-03 ; 8.112464e-03 ];
Tc_error_13  = [ 1.267865e+00 ; 1.294964e+00 ; 2.092430e+00 ];

%-- Image #14:
omc_14 = [ 1.147419e+00 ; 2.695948e+00 ; -7.461353e-01 ];
Tc_14  = [ 8.799893e+00 ; -1.171509e+02 ; 3.680015e+02 ];
omc_error_14 = [ 1.845309e-03 ; 5.509313e-03 ; 7.411496e-03 ];
Tc_error_14  = [ 1.560363e+00 ; 1.588277e+00 ; 2.384620e+00 ];

%-- Image #15:
omc_15 = [ 1.218214e+00 ; 2.768346e+00 ; -5.953630e-01 ];
Tc_15  = [ -1.816398e+00 ; -1.730549e+02 ; 3.501605e+02 ];
omc_error_15 = [ 1.703332e-03 ; 5.842109e-03 ; 8.197506e-03 ];
Tc_error_15  = [ 1.550980e+00 ; 1.544154e+00 ; 2.435409e+00 ];

%-- Image #16:
omc_16 = [ 1.767165e+00 ; 2.397067e+00 ; -5.533757e-01 ];
Tc_16  = [ -3.411970e+01 ; -1.323091e+02 ; 3.224867e+02 ];
omc_error_16 = [ 2.522216e-03 ; 5.088898e-03 ; 7.550319e-03 ];
Tc_error_16  = [ 1.392998e+00 ; 1.396520e+00 ; 2.175220e+00 ];

%-- Image #17:
omc_17 = [ 1.623890e+00 ; 2.379151e+00 ; -1.306048e-01 ];
Tc_17  = [ -3.792723e+01 ; -1.470303e+02 ; 3.133464e+02 ];
omc_error_17 = [ 2.994300e-03 ; 5.173300e-03 ; 8.153153e-03 ];
Tc_error_17  = [ 1.367083e+00 ; 1.357151e+00 ; 2.261168e+00 ];

%-- Image #18:
omc_18 = [ -1.955908e+00 ; -2.222356e+00 ; 5.584550e-01 ];
Tc_18  = [ -6.143723e+01 ; -1.075283e+02 ; 2.978903e+02 ];
omc_error_18 = [ 4.348540e-03 ; 3.106467e-03 ; 7.316891e-03 ];
Tc_error_18  = [ 1.271977e+00 ; 1.288474e+00 ; 2.007423e+00 ];

%-- Image #19:
omc_19 = [ 4.729118e-01 ; -3.013529e+00 ; -3.200691e-01 ];
Tc_19  = [ 7.562267e+01 ; -5.483103e+01 ; 2.848702e+02 ];
omc_error_19 = [ 1.728832e-03 ; 6.093310e-03 ; 1.002844e-02 ];
Tc_error_19  = [ 1.222805e+00 ; 1.243388e+00 ; 2.099379e+00 ];

%-- Image #20:
omc_20 = [ -7.877434e-01 ; -2.944351e+00 ; -2.028899e-01 ];
Tc_20  = [ 3.374851e+01 ; -1.318226e+02 ; 3.000237e+02 ];
omc_error_20 = [ 2.720403e-03 ; 6.637715e-03 ; 1.209362e-02 ];
Tc_error_20  = [ 1.307270e+00 ; 1.327867e+00 ; 2.218546e+00 ];

%-- Image #21:
omc_21 = [ -2.800323e+00 ; 1.374370e+00 ; -1.264401e-01 ];
Tc_21  = [ 4.431607e+01 ; 1.036737e+02 ; 4.262516e+02 ];
omc_error_21 = [ 9.347976e-03 ; 4.310957e-03 ; 1.527063e-02 ];
Tc_error_21  = [ 1.805929e+00 ; 1.841913e+00 ; 3.174866e+00 ];

%-- Image #22:
omc_22 = [ 1.333307e+00 ; -2.822445e+00 ; 7.832122e-02 ];
Tc_22  = [ 1.007075e+02 ; -7.654248e+00 ; 3.724092e+02 ];
omc_error_22 = [ 3.284103e-03 ; 7.690786e-03 ; 1.428198e-02 ];
Tc_error_22  = [ 1.572207e+00 ; 1.608480e+00 ; 2.757354e+00 ];

%-- Image #23:
omc_23 = [ 2.326576e+00 ; -1.699650e+00 ; 9.227096e-01 ];
